0.5818
10.174
3.22491
0.953163
3.15483
0.223366
3.86175
0.396633
4.91855
9.32251
0.569519
18.0987
1.23271
0.919436
1.07037
2.33329
0.482968
2.93136
0.872248
14.9301
1.0769
0.35847
5.0526
1.84845
10.2275
0.915491
5.72296
1.52446
2.58112
1.01141
0.22945
1.79424
0.980811
0.105954
0.920219
0.471786
0.127032
0.421412
1.04134
11.3776
7.18734
4.84654
1.78883
0.723719
4.39471
2.2419
1.37686
2.92126
1.83034
0.0907356
18.5224
0.177479
4.79592
6.04039
25.3383
0.826547
1.51948
4.89402
3.5337
21.3293
6.94275
5.2902
1.13647
0.0635797
2.29738
1.53669
0.119225
1.74151
0.247187
0.374439
4.45761
5.42214
1.31262
5.47338
12.4635
0.534819
1.19551
1.66015
4.05976
1.43247
2.09352
5.09858
4.86004
2.15675
14.4445
12.7386
11.9351
1.08391
13.6432
7.47342
9.41501
1.92397
10.359
6.78643
0.82561
11.0515
5.78281
5.23867
1.36467
2.31414
0.0710017
5.60308
4.25912
1.30681
0.238118
3.95574
12.4304
13.2695
5.54711
8.24856
0.88449
13.9285
2.95084
2.80524
0.771952
0.262634
5.32433
0.613952
4.20777
0.0276773
1.11257
0.300694
0.968954
4.5141
6.24332
3.98661
1.33867
2.72451
0.972535
2.37092
1.51112
0.0906001
3.15459
3.29062
11.3852
10.5322
0.440528
4.03758
12.8638
1.88014
12.6595
0.64274
9.11706
0.0801796
5.6326
1.09948
5.96132
7.0375
1.31846
1.75857
0.604197
0.454322
7.45138
0.863975
1.7966
7.7834
0.872372
0.441695
0.383325
4.46706
7.5225
0.179964
1.26327
1.52349
0.761665
0.139367
4.45849
2.57907
1.51606
6.60798
1.35161
0.360151
0.669437
10.7638
0.166289
5.97032
2.47956
8.92619
0.763274
0.319665
2.73156
3.28795
2.59189
0.781056
0.52384
5.70569
0.198656
11.8898
8.6617
1.51089
3.73176
0.430776
0.00850031
0.503826
0.413879
5.01693
24.2669
2.11547
8.91738
3.50128
