0.0729836
0.11636
1.15083
2.03479
1.69326
3.22491
1.58689
0.190633
0.566118
0.630965
0.518279
0.0446732
0.0361304
0.77235
0.425907
0.0793266
0.289141
0.98371
0.425306
1.8645
0.290734
0.113904
0.0394617
3.61974
4.78092
1.23271
2.24013
0.919436
1.2083
0.214074
0.420968
0.466658
0.210952
0.0965936
0.136764
0.586273
0.0359924
0.17445
0.323399
2.98602
0.442427
0.21538
0.332047
0.071694
0.760144
1.01052
1.12213
0.369691
0.821789
2.04551
0.315137
0.183098
0.0060034
1.14459
0.390271
0.304893
0.234682
0.516224
1.76659
1.01141
3.61752
0.22945
0.222681
0.358847
0.101233
0.196162
3.70192
0.105954
0.70979
0.184044
0.641969
0.0943571
0.516901
0.0254064
2.95733
0.421412
0.110832
0.208268
0.317089
2.27551
0.200465
1.43747
0.692702
0.969309
0.210487
0.357767
2.34373
0.723719
1.51891
0.878941
1.35201
0.44838
0.759061
0.275371
0.777892
0.584252
0.343181
0.366068
1.72567
0.0907356
0.632146
3.70449
1.78533
0.177479
0.262906
0.959185
0.0745398
1.20808
0.495127
5.06767
1.8959
0.826547
0.714112
0.303896
0.974596
0.978803
0.164166
0.70674
0.0931057
4.26587
0.957507
1.38855
1.15361
1.05804
0.56494
0.227294
1.67228
0.0635797
2.07273
2.29738
0.374554
0.307337
0.223635
0.0238449
0.555934
0.348302
0.0271349
0.0494375
0.455621
0.0748879
0.118309
0.891523
0.70236
1.08443
1.04521
0.262523
0.33655
1.09468
0.68532
2.4927
1.48883
0.106964
1.4066
0.239102
0.232183
0.33203
0.702849
0.811953
0.0887288
0.286493
0.056177
0.418705
0.628798
1.01972
1.37637
0.972007
0.327307
0.431349
1.0012
2.88891
0.695854
2.54773
1.48468
2.38702
1.03969
0.216783
0.429473
2.72865
1.16177
1.49468
0.263008
1.883
0.246109
0.384794
0.159688
2.0718
0.0513925
1.35729
2.23191
0.82561
0.0935139
2.2103
1.09048
1.15656
0.1907
1.04773
0.107473
0.272934
3.1532
2.31414
